    unsorted:	 2.031754034 127.9682460
      sorted:	 2.031754034 127.9682460
