    unsorted:	 63962.25573 48688.81164 31583.38924 7317.825611 138589.4663 211639.4588 422519.2490 948641.9638 2119994.558 27388392.66 661988412.6
      sorted:	 7317.825611 31583.38924 48688.81164 63962.25573 138589.4663 211639.4588 422519.2490 948641.9638 2119994.558 27388392.66 661988412.6
