    unsorted:	 70973.91519 6563400.734
      sorted:	 70973.91519 6563400.734
